Empezamos el primer trimestre en IVN 2024.

01000101 01101101 01110000 01100101 01111010 
01100001 01101101 01101111 01110011 00100000 
01100101 01101100 00100000 01110000 01110010 
01101001 01101101 01100101 01110010 00100000 
01110100 01110010 01101001 01101101 01100101 
01110011 01110100 01110010 01100101 00100000 
01100101 01101110 00100000 01001001 01010110 
01001110 00100000 00110010 00110000 00110010 
00110100 00101110

Daniel Eduardo Caballeros García

01000100 01100001 01101110 01101001 01100101 
01101100 00100000 01000101 01100100 01110101 
01100001 01110010 01100100 01101111 00100000 
01000011 01100001 01100010 01100001 01101100 
01101100 01100101 01110010 01101111 01110011 
00100000 01000111 01100001 01110010 01100011 
11000011 10101101 01100001

    